obs    year    loc      plot   row     col     rep     iblk   entry      yield                                                                     
1       1       1       4001    5       1       1       1       1       4187.97                                                         
2       1       1       4002    5       2       1       1       2       3246.10                                                         
3       1       1       4003    5       3       1       2       3       2963.54                                                         
4       1       1       4004    5       4       1       2       4       4154.33                                                         
5       1       1       4005    5       5       1       3       5       4194.70                                                         
6       1       1       4006    5       6       1       3       6       4483.99                                                         
7       1       1       4007    5       7       1       4       7       4531.08                                                         
8       1       1       4008    5       8       1       4       8       4554.63                                                         
9       1       1       4009    5       9       1       5       9       5055.84                                                         
10      1       1       4010    5       10      1       5       10      4325.89                                                         
11      1       1       4011    5       11      1       6       11      4130.79                                                         
12      1       1       4012    5       12      1       6       12      4827.10                                                         
13      1       1       4013    5       13      1       7       13      5156.75                                                         
14      1       1       4014    5       14      1       7       14      4917.92                                                         
15      1       1       4015    5       15      1       8       15      5005.38                                                         
16      1       1       4016    5       16      1       8       16      5792.52                                                         
17      1       1       4017    5       17      1       9       17      5213.94                                                         
18      1       1       4018    5       18      1       9       18      4669.00                                                         
19      1       1       4019    5       19      1       10      19      5133.21                                                         
20      1       1       4020    5       20      1       10      20      5721.88                                                         
21      1       1       4021    4       20      1       11      21      4214.88                                                         
22      1       1       4022    4       19      1       11      22      6320.64                                                         
23      1       1       4023    4       18      1       12      23      4991.93                                                         
24      1       1       4024    4       17      1       12      24      3959.23                                                         
25      1       1       4025    4       16      1       13      25      4991.93                                                         
26      1       1       4026    4       15      1       13      26      6250.00                                                         
27      1       1       4027    4       14      1       14      27      5382.13                                                         
28      1       1       4028    4       13      1       14      28      5900.16                                                         
29      1       1       4029    4       12      1       15      29      6031.35                                                         
30      1       1       4030    4       11      1       15      30      6068.35                                                         
31      1       1       4031    4       10      2       16      3       3353.74                                                         
32      1       1       4032    4       9       2       16      25      4625.27                                                         
33      1       1       4033    4       8       2       17      15      4833.83                                                         
34      1       1       4034    4       7       2       17      11      3898.68                                                         
35      1       1       4035    4       6       2       18      9       4497.44                                                         
36      1       1       4036    4       5       2       18      6       5207.21                                                         
37      1       1       4037    4       4       2       19      17      5028.93                                                         
38      1       1       4038    4       3       2       19      23      4850.65                                                         
39      1       1       4039    4       2       2       20      24      3639.67                                                         
40      1       1       4040    4       1       2       20      13      3895.32                                                         
41      1       1       4041    3       1       2       21      19      5106.30                                                         
42      1       1       4042    3       2       2       21      16      6159.18                                                         
43      1       1       4043    3       3       2       22      21      3162.00                                                         
44      1       1       4044    3       4       2       22      1       4023.14                                                         
45      1       1       4045    3       5       2       23      28      5715.15                                                         
46      1       1       4046    3       6       2       23      26      6098.63                                                         
47      1       1       4047    3       7       2       24      18      4426.80                                                         
48      1       1       4048    3       8       2       24      8       4934.74                                                         
49      1       1       4049    3       9       2       25      7       4823.74                                                         
50      1       1       4050    3       10      2       25      29      6078.44                                                         
51      1       1       4051    3       11      2       26      22      6179.36                                                         
52      1       1       4052    3       12      2       26      30      6287.00                                                         
53      1       1       4053    3       13      2       27      4       3764.13                                                         
54      1       1       4054    3       14      2       27      10      5052.48                                                         
55      1       1       4055    3       15      2       28      14      3814.59                                                         
56      1       1       4056    3       16      2       28      27      5049.11                                                         
57      1       1       4057    3       17      2       29      2       4251.88                                                         
58      1       1       4058    3       18      2       29      12      4335.98                                                         
59      1       1       4059    3       19      2       30      5       3804.49                                                         
60      1       1       4060    3       20      2       30      20      5694.97                                                         
61      1       1       4061    2       20      3       31      12      4426.80                                                         
62      1       1       4062    2       19      3       31      27      4975.11                                                         
63      1       1       4063    2       18      3       32      28      4339.34                                                         
64      1       1       4064    2       17      3       32      2       4127.42                                                         
65      1       1       4065    2       16      3       33      15      5234.12                                                         
66      1       1       4066    2       15      3       33      13      4901.10                                                         
67      1       1       4067    2       14      3       34      1       3703.58                                                         
68      1       1       4068    2       13      3       34      26      6270.18                                                         
69      1       1       4069    2       12      3       35      8       4773.28                                                         
70      1       1       4070    2       11      3       35      6       4971.74                                                         
71      1       1       4071    2       10      3       36      30      6327.37                                                         
72      1       1       4072    2       9       3       36      4       4080.33                                                         
73      1       1       4073    2       8       3       37      14      4393.16                                                         
74      1       1       4074    2       7       3       37      11      4628.63                                                         
75      1       1       4075    2       6       3       38      10      4056.78                                                         
76      1       1       4076    2       5       3       38      29      5984.26                                                         
77      1       1       4077    2       4       3       39      21      3959.23                                                         
78      1       1       4078    2       3       3       39      25      4941.47                                                         
79      1       1       4079    2       2       3       40      5       4214.88                                                         
80      1       1       4080    2       1       3       40      18      4534.45                                                         
81      1       1       4081    1       1       3       41      16      4187.97                                                         
82      1       1       4082    1       2       3       41      24      3706.94                                                         
83      1       1       4083    1       3       3       42      3       2845.80                                                         
84      1       1       4084    1       4       3       42      22      6239.91                                                         
85      1       1       4085    1       5       3       43      7       4332.62                                                         
86      1       1       4086    1       6       3       43      9       5200.48                                                         
87      1       1       4087    1       7       3       44      23      4971.74                                                         
88      1       1       4088    1       8       3       44      19      5718.51                                                         
89      1       1       4089    1       9       3       45      17      4991.93                                                         
90      1       1       4090    1       10      3       45      20      4921.29                                                         
91      1       2       4001    5       1       1       1       1       3380.65                                                         
92      1       2       4002    5       2       1       1       2       3178.82                                                         
93      1       2       4003    5       3       1       2       3       2586.79                                                         
94      1       2       4004    5       4       1       2       4       3067.81                                                         
95      1       2       4005    5       5       1       3       5       3091.36                                                         
96      1       2       4006    5       6       1       3       6       3717.03                                                         
97      1       2       4007    5       7       1       4       7       3532.02                                                         
98      1       2       4008    5       8       1       4       8       4066.87                                                         
99      1       2       4009    5       9       1       5       9       4009.69                                                         
100     1       2       4010    5       10      1       5       10      4140.88                                                         
101     1       2       4011    5       11      1       6       11      3949.14                                                         
102     1       2       4012    5       12      1       6       12      4124.06                                                         
103     1       2       4013    5       13      1       7       13      4103.88                                                         
104     1       2       4014    5       14      1       7       14      4258.61                                                         
105     1       2       4015    5       15      1       8       15      4023.14                                                         
106     1       2       4016    5       16      1       8       16      4884.28                                                         
107     1       2       4017    5       17      1       9       17      4097.15                                                         
108     1       2       4018    5       18      1       9       18      4258.61                                                         
109     1       2       4019    5       19      1       10      19      4231.70                                                         
110     1       2       4020    5       20      1       10      20      4564.72                                                         
111     1       2       4021    4       20      1       11      21      3801.13                                                         
112     1       2       4022    4       19      1       11      22      4541.17                                                         
113     1       2       4023    4       18      1       12      23      5055.84                                                         
114     1       2       4024    4       17      1       12      24      3639.67                                                         
115     1       2       4025    4       16      1       13      25      4329.25                                                         
116     1       2       4026    4       15      1       13      26      5886.71                                                         
117     1       2       4027    4       14      1       14      27      4520.99                                                         
118     1       2       4028    4       13      1       14      28      5193.76                                                         
119     1       2       4029    4       12      1       15      29      5795.88                                                         
120     1       2       4030    4       11      1       15      30      4790.10                                                         
121     1       2       4031    4       10      2       16      8       4258.61                                                         
122     1       2       4032    4       9       2       16      29      5859.80                                                         
123     1       2       4033    4       8       2       17      14      3925.59                                                         
124     1       2       4034    4       7       2       17      24      3333.56                                                         
125     1       2       4035    4       6       2       18      22      4662.27                                                         
126     1       2       4036    4       5       2       18      27      4292.25                                                         
127     1       2       4037    4       4       2       19      11      3108.18                                                         
128     1       2       4038    4       3       2       19      6       3686.76                                                         
129     1       2       4039    4       2       2       20      3       2983.72                                                         
130     1       2       4040    4       1       2       20      2       3696.85                                                         
131     1       2       4041    3       1       2       21      30      4884.28                                                         
132     1       2       4042    3       2       2       21      20      4430.17                                                         
133     1       2       4043    3       3       2       22      12      3323.47                                                         
134     1       2       4044    3       4       2       22      18      3922.23                                                         
135     1       2       4045    3       5       2       23      23      4050.05                                                         
136     1       2       4046    3       6       2       23      25      3723.76                                                         
137     1       2       4047    3       7       2       24      16      4238.43                                                         
138     1       2       4048    3       8       2       24      21      3639.67                                                         
139     1       2       4049    3       9       2       25      19      2691.07                                                         
140     1       2       4050    3       10      2       25      28      4951.56                                                         
141     1       2       4051    3       11      2       26      9       4416.71                                                         
142     1       2       4052    3       12      2       26      13      4658.91                                                         
143     1       2       4053    3       13      2       27      7       4073.60                                                         
144     1       2       4054    3       14      2       27      1       3881.86                                                         
145     1       2       4055    3       15      2       28      4       3875.13                                                         
146     1       2       4056    3       16      2       28      5       3841.50                                                         
147     1       2       4057    3       17      2       29      15      3955.87                                                         
148     1       2       4058    3       18      2       29      10      4473.90                                                         
149     1       2       4059    3       19      2       30      26      5405.68                                                         
150     1       2       4060    3       20      2       30      17      4332.62                                                         
151     1       2       4061    2       20      3       31      4       3461.38                                                         
152     1       2       4062    2       19      3       31      15      3629.57                                                         
153     1       2       4063    2       18      3       32      18      4359.53                                                         
154     1       2       4064    2       17      3       32      28      4867.47                                                         
155     1       2       4065    2       16      3       33      6       4753.09                                                         
156     1       2       4066    2       15      3       33      21      3807.86                                                         
157     1       2       4067    2       14      3       34      20      4904.47                                                         
158     1       2       4068    2       13      3       34      26      5365.31                                                         
159     1       2       4069    2       12      3       35      1       3831.40                                                         
160     1       2       4070    2       11      3       35      13      4113.97                                                         
161     1       2       4071    2       10      3       36      27      5005.38                                                         
162     1       2       4072    2       9       3       36      12      3814.59                                                         
163     1       2       4073    2       8       3       37      3       3612.76                                                         
164     1       2       4074    2       7       3       37      10      4611.81                                                         
165     1       2       4075    2       6       3       38      8       3636.30                                                         
166     1       2       4076    2       5       3       38      24      3212.46                                                         
167     1       2       4077    2       4       3       39      11      3865.04                                                         
168     1       2       4078    2       3       3       39      22      4467.17                                                         
169     1       2       4079    2       2       3       40      9       3737.22                                                         
170     1       2       4080    2       1       3       40      2       3733.85                                                         
171     1       2       4081    1       1       3       41      29      5277.85                                                         
172     1       2       4082    1       2       3       41      23      4396.53                                                         
173     1       2       4083    1       3       3       42      25      3787.67                                                         
174     1       2       4084    1       4       3       42      30      5065.93                                                         
175     1       2       4085    1       5       3       43      16      4137.51                                                         
176     1       2       4086    1       6       3       43      5       3532.02                                                         
177     1       2       4087    1       7       3       44      14      4029.87                                                         
178     1       2       4088    1       8       3       44      7       3841.50                                                         
179     1       2       4089    1       9       3       45      19      3195.64                                                         
180     1       2       4090    1       10      3       45      17      5368.68                                                         
181     1       3       4001    5       15      1       1       1       2714.61                                                         
182     1       3       4002    5       14      1       1       2       2667.52                                                         
183     1       3       4003    5       13      1       2       3       2223.49                                                         
184     1       3       4004    5       12      1       2       4       2432.05                                                         
185     1       3       4005    5       11      1       3       5       2290.77                                                         
186     1       3       4006    5       10      1       3       6       2993.81                                                         
187     1       3       4007    5       9       1       4       7       2502.69                                                         
188     1       3       4008    5       8       1       4       8       3165.37                                                         
189     1       3       4009    5       7       1       5       9       2899.62                                                         
190     1       3       4010    5       6       1       5       10      2929.90                                                         
191     1       3       4011    5       5       1       6       11      2738.16                                                         
192     1       3       4012    5       4       1       6       12      2946.72                                                         
193     1       3       4013    5       3       1       7       13      2691.07                                                         
194     1       3       4014    5       2       1       7       14      1634.82                                                         
195     1       3       4015    5       1       1       8       15      3114.91                                                         
196     1       3       4016    4       1       1       8       16      2643.97                                                         
197     1       3       4017    4       2       1       9       17      2754.98                                                         
198     1       3       4018    4       3       1       9       18      3299.92                                                         
199     1       3       4019    4       4       1       10      19      3236.01                                                         
200     1       3       4020    4       5       1       10      20      3350.38                                                         
201     1       3       4021    4       6       1       11      21      1362.35                                                         
202     1       3       4022    4       7       1       11      22      2519.51                                                         
203     1       3       4023    4       8       1       12      23      3034.18                                                         
204     1       3       4024    4       9       1       12      24      2482.51                                                         
205     1       3       4025    4       10      1       13      25      2960.17                                                         
206     1       3       4026    4       11      1       13      26      3155.27                                                         
207     1       3       4027    4       12      1       14      27      2950.08                                                         
208     1       3       4028    4       13      1       14      28      3138.46                                                         
209     1       3       4029    4       14      1       15      29      3017.36                                                         
210     1       3       4030    4       15      1       15      30      3229.28                                                         
211     1       3       4031    4       16      2       16      7       2448.87                                                         
212     1       3       4032    4       17      2       16      23      3125.00                                                         
213     1       3       4033    4       18      2       17      16      2657.43                                                         
214     1       3       4034    4       19      2       17      27      3273.01                                                         
215     1       3       4035    4       20      2       18      12      3165.37                                                         
216     1       3       4036    3       20      2       18      1       2586.79                                                         
217     1       3       4037    3       19      2       19      26      3098.09                                                         
218     1       3       4038    3       18      2       19      15      3363.83                                                         
219     1       3       4039    3       17      2       20      8       3104.82                                                         
220     1       3       4040    3       16      2       20      5       2418.60                                                         
221     1       3       4041    3       15      2       21      21      1089.88                                                         
222     1       3       4042    3       14      2       21      29      3145.18                                                         
223     1       3       4043    3       13      2       22      2       2418.60                                                         
224     1       3       4044    3       12      2       22      22      2812.16                                                         
225     1       3       4045    3       11      2       23      24      2327.77                                                         
226     1       3       4046    3       10      2       23      19      4578.18                                                         
227     1       3       4047    3       9       2       24      4       2381.59                                                         
228     1       3       4048    3       8       2       24      6       2388.32                                                         
229     1       3       4049    3       7       2       25      18      2398.41                                                         
230     1       3       4050    3       6       2       25      30      3212.46                                                         
231     1       3       4051    3       5       2       26      14      2055.30                                                         
232     1       3       4052    3       4       2       26      28      3242.73                                                         
233     1       3       4053    3       3       2       27      13      2997.17                                                         
234     1       3       4054    3       2       2       27      20      3279.74                                                         
235     1       3       4055    3       1       2       28      10      2812.16                                                         
236     1       3       4056    2       1       2       28      25      2876.08                                                         
237     1       3       4057    2       2       2       29      3       2176.40                                                         
238     1       3       4058    2       3       2       29      11      2828.98                                                         
239     1       3       4059    2       4       2       30      9       2929.90                                                         
240     1       3       4060    2       5       2       30      17      2966.90                                                         
241     1       3       4061    2       6       3       31      11      2667.52                                                         
242     1       3       4062    2       7       3       31      16      2593.51                                                         
243     1       3       4063    2       8       3       32      6       2543.06                                                         
244     1       3       4064    2       9       3       32      25      2812.16                                                         
245     1       3       4065    2       10      3       33      15      3074.54                                                         
246     1       3       4066    2       11      3       33      3       2092.30                                                         
247     1       3       4067    2       12      3       34      5       2401.78                                                         
248     1       3       4068    2       13      3       34      10      2731.43                                                         
249     1       3       4069    2       14      3       35      8       2852.53                                                         
250     1       3       4070    2       15      3       35      9       2546.42                                                         
251     1       3       4071    2       16      3       36      23      2677.61                                                         
252     1       3       4072    2       17      3       36      18      2677.61                                                         
253     1       3       4073    2       18      3       37      21      1446.45                                                         
254     1       3       4074    2       19      3       37      20      2939.99                                                         
255     1       3       4075    2       20      3       38      17      2785.25                                                         
256     1       3       4076    1       20      3       38      7       2411.87                                                         
257     1       3       4077    1       19      3       39      27      3094.73                                                         
258     1       3       4078    1       18      3       39      12      2748.25                                                         
259     1       3       4079    1       17      3       40      24      2509.42                                                         
260     1       3       4080    1       16      3       40      30      3451.29                                                         
261     1       3       4081    1       15      3       41      19      5042.38                                                         
262     1       3       4082    1       14      3       41      29      3629.57                                                         
263     1       3       4083    1       13      3       42      2       2391.68                                                         
264     1       3       4084    1       12      3       42      14      1328.71                                                         
265     1       3       4085    1       11      3       43      1       2526.24                                                         
266     1       3       4086    1       10      3       43      28      2916.44                                                         
267     1       3       4087    1       9       3       44      13      2761.71                                                         
268     1       3       4088    1       8       3       44      22      2664.16                                                         
269     1       3       4089    1       7       3       45      26      3444.56                                                         
270     1       3       4090    1       6       3       45      4       1930.84  